20 30
941 1265 1556 1858 2147 2447 2742 3052 3347 3648 3953 4265 4535 4866 4848 5167 5444 5760 6053 6359 6349 6657 6653 6922 6944 6924 6967 6921 6626 6660
1260 1242 1550 1839 2139 2464 2769 3036 3330 3627 3922 4254 4540 4867 5160 5430 5758 6051 6067 6358 6656 6962 6925 7223 7266 7270 7228 7256 6949 6923
1246 1567 1845 2155 2441 2734 3042 3355 3656 3950 3952 4222 4544 4841 5165 5448 5767 6049 6325 6625 6946 6957 7236 7525 7552 7531 7541 7543 7229 6934
1257 1528 1835 2138 2465 2726 3059 3354 3637 3933 4241 4547 4826 5157 5451 5762 6069 6070 6346 6648 6931 7228 7526 7565 7829 7845 7822 7540 7553 7264
1236 1540 1865 2169 2461 2752 3034 3333 3663 3963 4221 4541 4832 5121 5455 5766 6027 6325 6660 6922 7233 7547 7523 7865 8136 8162 8167 7858 7558 7531
1263 1523 1841 2139 2434 2751 3033 3356 3660 3952 4226 4565 4826 5134 5468 5752 6031 6362 6643 6925 7236 7523 7837 8138 8435 8451 8436 8144 7841 7545
1253 1530 1858 2124 2446 2767 3070 3361 3659 3945 4268 4543 4828 5125 5466 5720 6066 6339 6620 6938 7231 7537 7865 8155 8452 8750 8437 8169 7820 7536
1230 1563 1861 2170 2469 2752 3037 3353 3629 3939 4247 4521 4850 5123 5463 5738 6026 6329 6661 6921 7226 7540 7835 8160 8449 8439 8438 8151 7860 7543
1225 1554 1846 2125 2454 2737 3043 3345 3648 3962 4224 4538 4857 5142 5424 5751 6056 6350 6646 6947 7266 7538 7523 7834 8162 8165 8132 7848 7524 7545
1264 1555 1825 2145 2429 2740 3059 3326 3656 3926 4227 4540 4841 5131 5430 5735 6020 6023 6350 6662 6939 7257 7553 7570 7832 7848 7827 7530 7554 7243
1223 1562 1844 2132 2439 2765 3068 3342 3650 3927 3943 4250 4523 4826 5132 5460 5749 6020 6363 6663 6947 6926 7226 7544 7559 7554 7542 7558 7255 6947
1232 1251 1522 1840 2144 2469 2727 3070 3363 3624 3942 4257 4548 4868 5152 5426 5731 6036 6031 6328 6655 6952 6965 7262 7251 7267 7264 7258 6964 6968
965 1263 1538 1868 2129 2458 2723 3065 3354 3659 3943 4235 4550 4839 4835 5132 5441 5748 6029 6324 6320 6656 6648 6958 6950 6936 6935 6952 6657 6667
964 1253 1529 1854 2147 2426 2738 3068 3365 3635 3667 3942 4231 4530 4821 5145 5440 5466 5756 6026 6062 6338 6348 6623 6628 6663 6641 6661 6334 6362
935 1227 1564 1831 2144 2166 2435 2765 3055 3333 3639 3925 4251 4570 4566 4854 5141 5432 5447 5769 6060 6039 6030 6329 6359 6331 6358 6321 6046 6048
663 964 1262 1558 1828 2125 2436 2769 3042 3360 3624 3654 3961 4235 4548 4838 4829 5150 5450 5463 5736 5721 6046 6059 6038 6028 6050 6054 6037 5757
654 959 1246 1522 1851 2168 2467 2468 2735 3028 3329 3625 3963 3961 4254 4545 4826 4845 5144 5160 5448 5449 5732 5720 5753 5723 5754 5735 5765 5461
648 921 1258 1259 1567 1857 2158 2428 2722 3051 3065 3365 3636 3953 3921 4226 4539 4563 4840 4828 5141 5142 5433 5436 5464 5469 5433 5439 5442 5155
322 670 929 1239 1542 1822 2164 2134 2444 2754 3062 3322 3352 3664 3943 3929 4233 4543 4537 4836 4858 4846 5163 5151 5159 5128 5164 5148 5136 4839
352 663 922 954 1242 1527 1865 2123 2467 2425 2753 3057 3349 3341 3622 3921 3958 4222 4239 4523 4547 4538 4856 4846 4869 4830 4848 4830 4842 4522
