15 20
4678 4632 4647 4380 4349 4032 4056 3772 3474 3160 2865 2560 2576 2280 1939 1639 1367 1078 776 474
4976 4945 4949 4671 4639 4351 4063 3759 3741 3466 3142 2870 2554 2253 1967 1663 1350 1061 777 446
5265 5254 5236 4949 4668 4680 4369 4059 3748 3452 3138 2873 2535 2254 1934 1646 1649 1346 1037 781
5563 5570 5233 5245 4967 4677 4367 4071 3738 3733 3478 3139 2880 2561 2281 1955 1676 1357 1061 760
5840 5871 5549 5241 5247 4977 4632 4331 4050 3764 3452 3177 2845 2555 2241 1965 1637 1369 1062 748
6140 6145 5835 5580 5244 4967 4664 4356 4067 3751 3475 3136 2849 2553 2277 1947 1644 1360 1035 746
6461 6134 5859 5532 5250 4934 4654 4343 4050 3776 3438 3143 2846 2538 2268 1935 1632 1354 1073 773
6172 6135 5860 5573 5232 4964 4660 4331 4034 3758 3468 3173 2854 2546 2233 1963 1656 1331 1058 756
5880 5871 5570 5238 5274 4943 4669 4365 4044 3743 3457 3135 2840 2553 2263 1958 1634 1373 1037 748
5565 5541 5258 5248 4952 4648 4370 4071 3769 3734 3465 3132 2877 2559 2252 1951 1631 1345 1070 736
5245 5242 5274 4972 4679 4646 4353 4078 3737 3454 3177 2835 2562 2261 1965 1637 1675 1331 1071 744
4970 4964 4975 4661 4633 4342 4037 3740 3733 3478 3136 2868 2564 2245 1966 1646 1350 1080 775 435
4638 4661 4679 4372 4354 4041 4071 3753 3440 3167 2858 2572 2542 2246 1962 1655 1380 1069 740 439
4365 4346 4375 4032 4044 3758 3747 3463 3145 3137 2875 2542 2254 1936 1647 1371 1347 1046 767 466
4065 4055 4032 3781 3769 3749 3462 3153 3175 2843 2541 2245 2278 1956 1637 1347 1063 777 478 141
