20 30
37652 37927 38215 38555 38836 39138 39428 39751 40013 40329 40638 40910 41223 41555 41815 41830 41853 41829 41830 41824 41834 41543 41224 40936 40646 40333 40037 39758 39432 39119 
37627 37958 38228 38518 38842 39141 39457 39712 40029 40318 40611 40941 41253 41513 41825 42145 42140 42122 42112 42116 41809 41553 41212 40933 40613 40316 40054 39756 39442 39114 
37626 37914 38245 38555 38810 39153 39432 39718 40008 40345 40625 40946 41222 41538 41851 42111 42410 42448 42441 42146 41814 41519 41251 40942 40625 40342 40054 39754 39414 39155 
37639 37955 38247 38516 38856 39132 39446 39735 40024 40342 40613 40929 41224 41531 41815 42129 42437 42738 42437 42111 41808 41539 41223 40913 40654 40327 40028 39715 39458 39108 
37654 37914 38234 38527 38817 39121 39439 39724 40034 40344 40655 40930 41218 41543 41819 42145 42422 42458 42441 42110 41834 41544 41243 40956 40631 40339 40026 39732 39413 39131 
37640 37945 38233 38537 38830 39123 39429 39729 40021 40332 40609 40918 41255 41517 41823 42134 42110 42155 42135 42109 41841 41528 41258 40930 40639 40350 40015 39726 39450 39158 
37634 37935 38216 38538 38826 39125 39438 39717 40017 40316 40624 40953 41222 41522 41834 41841 41810 41823 41814 41831 41824 41555 41212 40927 40619 40325 40021 39756 39428 39114 
37643 37926 38210 38545 38850 39133 39409 39756 40010 40310 40608 40957 41236 41551 41528 41548 41532 41556 41540 41542 41521 41510 41249 40943 40651 40312 40055 39740 39443 39153 
37654 37937 38213 38551 38819 39117 39431 39741 40052 40348 40640 40917 41255 41225 41255 41247 41232 41257 41233 41247 41212 41210 41226 40942 40638 40331 40042 39754 39420 39110 
37637 37949 38212 38532 38830 39109 39410 39741 40017 40348 40622 40936 40923 40942 40948 40933 40928 40933 40915 40934 40926 40929 40948 40958 40617 40337 40050 39741 39444 39123 
37648 37954 38216 38508 38838 39148 39445 39752 40022 40350 40656 40616 40644 40650 40613 40618 40617 40627 40626 40658 40627 40640 40627 40618 40626 40350 40026 39732 39434 39144 
37616 37954 38238 38519 38814 39137 39437 39738 40015 40349 40321 40340 40344 40311 40350 40332 40332 40332 40329 40329 40335 40309 40344 40325 40324 40345 40048 39747 39451 39111 
37636 37909 38211 38556 38825 39114 39455 39748 40042 40039 40045 40010 40038 40040 40057 40050 40025 40047 40009 40048 40010 40026 40051 40027 40037 40043 40022 39756 39412 39157 
37637 37910 38251 38542 38842 39154 39448 39755 39718 39718 39735 39723 39727 39733 39734 39756 39732 39756 39716 39754 39717 39716 39718 39754 39723 39720 39754 39714 39416 39151 
37655 37916 38233 38509 38827 39110 39423 39425 39420 39441 39450 39447 39414 39434 39456 39452 39410 39415 39409 39437 39448 39442 39439 39438 39436 39446 39445 39442 39436 39115 
37632 37949 38233 38518 38853 39143 39136 39124 39143 39146 39113 39147 39112 39141 39126 39129 39134 39117 39135 39113 39113 39128 39146 39113 39154 39125 39109 39132 39123 39120 
37646 37944 38232 38541 38857 38827 38847 38850 38812 38823 38822 38850 38848 38856 38834 38815 38855 38822 38819 38847 38814 38849 38850 38826 38837 38826 38838 38847 38826 38834 
37634 37918 38229 38518 38538 38511 38528 38528 38535 38525 38526 38527 38544 38511 38516 38508 38540 38541 38532 38531 38556 38542 38544 38521 38532 38553 38550 38524 38538 38512 
37617 37951 38224 38225 38226 38234 38241 38229 38227 38231 38234 38217 38247 38232 38255 38237 38217 38243 38211 38210 38211 38213 38252 38215 38212 38228 38234 38240 38254 38216 
37611 37938 37919 37951 37954 37943 37919 37923 37952 37955 37930 37922 37933 37922 37928 37941 37920 37937 37916 37934 37943 37908 37920 37932 37930 37919 37931 37958 37919 37927 
