10 10
45684 45693 45716 45716 45697 45689 45696 45705 45711 45690 
46016 46005 45988 46013 46027 45989 45995 46004 46001 45984 
46319 46285 46298 46327 46297 46323 46316 46317 46292 46287 
46294 46617 46632 46633 46614 46626 46633 46599 46608 46603 
46322 46609 46895 46897 46931 46914 46898 46930 46931 46615 
46306 46624 46903 47222 47227 47219 47211 47232 46897 46615 
46310 46606 46892 47201 47488 47519 47516 47206 46931 46633 
46305 46605 46929 47202 47527 47814 47517 47185 46913 46594 
46329 46588 46910 47216 47519 47534 47525 47228 46913 46597 
46285 46623 46932 47195 47188 47186 47184 47184 46926 46609 
