9909 1 0
14
33
51
52
70
78
96
101
118
119
125
142
142
157
169
183
186
198
217
218
233
242
247
266
276
286
302
319
337
342
356
356
358
376
393
402
414
428
430
450
457
468
487
507
515
535
553
570
585
589
609
614
625
640
640
660
672
674
680
690
709
721
730
738
757
761
776
785
786
789
796
809
823
836
842
848
862
863
877
888
908
912
915
933
942
943
956
956
965
981
993
1011
1015
1034
1041
1045
1056
1065
1071
1074
1079
1091
1092
1108
1112
1126
1132
1139
1157
1171
1189
1205
1211
1214
1214
1229
1245
1261
1274
1287
1290
1305
1322
1328
1328
1347
1366
1367
1379
1387
1398
1418
1436
1455
1460
1477
1483
1499
1512
1525
1545
1564
1564
1576
1576
1587
1606
1613
1619
1632
1632
1646
1649
1661
1672
1680
1690
1706
1715
1718
1724
1739
1746
1766
1784
1784
1800
1803
1819
1821
1829
1847
1853
1864
1879
1882
1896
1899
1915
1927
1936
1936
1951
1955
1956
1958
1960
1980
1982
1993
1999
2014
2027
2047
2047
2047
2053
2071
2079
2097
2099
2112
2124
2131
2151
2170
2177
2195
2211
2214
2218
2234
2251
2267
2271
2279
2281
2282
2285
2295
2307
2313
2322
2341
2353
2359
2369
2378
2398
2400
2412
2423
2423
2434
2449
2461
2464
2476
2492
2497
2505
2513
2513
2523
2533
2534
2553
2566
2580
2594
2597
2614
2634
2653
2665
2678
2690
2692
2695
2713
2733
2749
2756
2758
2760
2779
2782
2789
2801
2811
2823
2830
2836
2838
2843
2847
2855
2870
2877
2879
2893
2910
2920
2935
2935
2941
2961
2961
2967
2968
2981
2984
3003
3012
3017
3032
3045
3047
3057
3074
3076
3091
3107
3122
3142
3162
3168
3185
3203
3203
3218
3223
3243
3249
3257
3275
3276
3296
3301
3301
3311
3317
3327
3343
3357
3376
3384
3388
3392
3392
3406
3406
3416
3417
3435
3442
3461
3466
3477
3483
3491
3509
3509
3527
3538
3558
3558
3578
3594
3610
3629
3630
3640
3654
3672
3672
3678
3680
3685
3692
3712
3730
3731
3731
3746
3757
3764
3768
3769
3774
3778
3797
3798
3808
3812
3818
3819
3837
3842
3846
3847
3861
3867
3874
3878
3884
3904
3913
3932
3933
3944
3956
3958
3969
3975
3995
4004
4015
4020
4034
4054
4068
4085
4093
4105
4111
4119
4131
4148
4161
4164
4179
4196
4203
4216
4226
4244
4256
4273
4286
4298
4303
4319
4328
4339
4347
4363
4364
4369
4389
4389
4398
4416
4426
4443
4463
4463
4466
4466
4479
4484
4498
4514
4514
4515
4527
4541
4551
4565
4584
4590
4594
4597
4600
4600
4600
4614
4619
4632
4649
4669
4671
4672
4675
4685
4692
4700
4706
4726
4742
4747
4751
4767
4773
4780
4783
4788
4804
4814
4820
4827
4827
4841
4847
4850
4860
4877
4891
4907
4924
4924
4927
4945
4948
4951
4958
4978
4987
4993
4995
5002
5005
5024
5026
5041
5047
5065
5084
5103
5105
5111
5119
5121
5125
5144
5157
5167
5169
5186
5201
5212
5218
5218
5218
5218
5224
5231
5249
5252
5254
5256
5274
5287
5301
5302
5314
5326
5336
5353
5369
5371
5378
5378
5395
5406
5407
5423
5435
5445
5448
5465
5470
5485
5502
5508
5528
5541
5557
5566
5576
5577
5579
5595
5613
5619
5637
5645
5652
5657
5660
5679
5684
5699
5699
5715
5724
5737
5753
5773
5777
5793
5810
5810
5814
5826
5845
5859
5859
5865
5865
5876
5889
5904
5905
5917
5930
5932
5944
5944
5959
5976
5992
5992
6011
6030
6033
6037
6048
6052
6060
6076
6091
6099
6108
6120
6128
6131
6148
6165
6179
6184
6204
6218
6227
6228
6229
6246
6257
6258
6272
6281
6291
6302
6310
6327
6327
6344
6350
6350
6362
6382
6393
6396
6396
6413
6416
6421
6427
6445
6460
6472
6472
6476
6496
6511
6531
6535
6540
6545
6564
6566
6568
6583
6599
6606
6612
6629
6630
6633
6647
6657
6670
6673
6678
6691
6691
6693
6704
6713
6732
6734
6748
6766
6773
6781
6786
6806
6806
6808
6810
6825
6841
6861
6861
6863
6865
6877
6878
6887
6888
6897
6916
6930
6933
6937
6950
6951
6952
6966
6984
7003
7022
7034
7052
7058
7065
7073
7087
7101
7102
7117
7125
7133
7148
7160
7174
7187
7191
7208
7221
7222
7241
7256
7267
7273
7288
7302
7305
7311
7312
7316
7320
7323
7339
7353
7356
7366
7384
7395
7412
7428
7436
7444
7459
7468
7485
7504
7504
7520
7521
7525
7544
7552
7570
7582
7594
7603
7623
7642
7648
7663
7675
7693
7706
7707
7723
7734
7736
7756
7758
7758
7764
7764
7771
7782
7798
7803
7811
7829
7833
7839
7851
7855
7868
7876
7878
7878
7884
7891
7903
7911
7920
7925
7934
7948
7968
7978
7980
7993
7995
8012
8031
8043
8053
8054
8071
8083
8089
8101
8110
8129
8136
8142
8149
8168
8168
8178
8196
8207
8223
8229
8238
8244
8263
8281
8286
8304
8306
8325
8325
8328
8338
8340
8349
8351
8363
8375
8383
8401
8412
8421
8428
8431
8437
8454
8470
8483
8500
8518
8523
8543
8544
8551
8559
8566
8571
8585
8596
8611
8611
8625
8637
8651
8660
8679
8687
8693
8708
8725
8741
8756
8767
8771
8782
8798
8806
8814
8831
8843
8848
8855
8859
8865
8867
8870
8871
8872
8884
8892
8906
8909
8920
8938
8941
8958
8969
8985
9002
9013
9031
9042
9057
9057
9061
9074
9082
9090
9102
9102
9116
9131
9150
9155
9162
9167
9183
9185
9192
9200
9200
9213
9215
9226
9240
9260
9272
9284
9296
9308
9315
9323
9330
9340
9355
9355
9373
9377
9390
9395
9409
9414
9433
9452
9456
9475
9491
9499
9510
9512
9527
9535
9553
9554
9559
9571
9577
9595
9603
9607
9607
9627
9640
9656
9676
9693
9700
9704
9710
9710
9719
9722
9732
9748
9749
9751
9752
9769
9785
9790
9795
9810
9813
9819
9836
9837
9856
9874
9882
9897
9909
